****************************************************************************************************
----------------------------------------------------------------------------------------------------
Ambient Table:
     Depth   Amb-cur   Amb-dir   Amb-sal   Amb-tem   Amb-pol     Decay   Far-spd   Far-dir   Disprsn
      (ft)    (ft/s)     (deg)     (psu)       (F)    (mg/L)   (1/day)    (ft/s)     (deg)(m0.67/s2)
     0.000     0.115     0.000     0.000    84.200     0.050     0.000     0.115     0.000   0.00030
    20.000     0.115     0.000     0.000    84.200     0.050     0.000     0.115     0.000   0.00030
----------------------------------------------------------------------------------------------------
Diffuser Table:
     P-dia    P-elev   V-angle   H-angle     Ports   Spacing   AcuteMZ   ChrncMZ   P-depth   Ttl-flo   Eff-sal      Temp   Polutnt
      (ft)      (ft)     (deg)     (deg)       ( )      (ft)      (ft)      (ft)      (ft)     (cfs)     (psu)       (F)    (mg/L)
      0.58      6.20    180.00      0.00      1.00      1.00     10.20   2620.00     13.80      6.68      0.00     76.30     23.00
----------------------------------------------------------------------------------------------------
Simulation Results:
              Dilutn     P-dia    x-posn    y-posn     Depth    CL-Dil  Amb-Curr    P-Con.
      Step (FluxAvg)       (m)       (m)       (m)       (m)        ()     (m/s)    (mg/L)
---------------------- Local maximum rise or fall --------------------
         5     1.104     0.193    -0.045     0.000    -4.206     1.000     0.035    20.834
        10     1.219     0.213    -0.095     0.000    -4.206     1.000     0.035    18.873
        15     1.346     0.236    -0.151     0.000    -4.206     1.000     0.035    17.097
        20     1.487     0.260    -0.212     0.000    -4.206     1.000     0.035    15.489
        25     1.641     0.288    -0.279     0.000    -4.206     1.000     0.035    14.032
        30     1.812     0.318    -0.353     0.000    -4.206     1.000     0.035    12.713
        35     2.001     0.351    -0.435     0.000    -4.206     1.001     0.035    11.519
        40     2.209     0.388    -0.526     0.000    -4.206     1.105     0.035    10.437
        45     2.440     0.428    -0.626     0.000    -4.206     1.220     0.035     9.458
        50     2.694     0.473    -0.736     0.000    -4.206     1.347     0.035     8.570
        55     2.974     0.523    -0.858     0.000    -4.206     1.487     0.035     7.767
        60     3.284     0.577    -0.992     0.000    -4.206     1.642     0.035     7.039
        65     3.626     0.638    -1.140     0.000    -4.207     1.813     0.035     6.380
        70     4.003     0.705    -1.303     0.000    -4.207     2.002     0.035     5.783
        75     4.420     0.779    -1.483     0.000    -4.207     2.210     0.035     5.242
        80     4.880     0.861    -1.682     0.000    -4.207     2.440     0.035     4.753
        85     5.388     0.952    -1.901     0.000    -4.207     2.694     0.035     4.309
        90     5.949     1.052    -2.143     0.000    -4.208     2.975     0.035     3.908
        95     6.568     1.164    -2.409     0.000    -4.208     3.284     0.035     3.544
       100     7.252     1.287    -2.703     0.000    -4.209     3.626     0.035     3.215
       105     8.007     1.423    -3.026     0.000    -4.210     4.004     0.035     2.916
............................. Reached Acute Mixing Zone ..........................
       110     8.841     1.574    -3.383     0.000    -4.211     4.420     0.035     2.646
       115     9.761     1.742    -3.776     0.000    -4.213     4.880     0.035     2.401
       120    10.777     1.928    -4.209     0.000    -4.215     5.388     0.035     2.180
       125    11.899     2.134    -4.685     0.000    -4.218     5.949     0.035     1.979
       130    13.137     2.363    -5.210     0.000    -4.222     6.569     0.035     1.797
       135    14.505     2.617    -5.788     0.000    -4.228     7.252     0.035     1.632
       140    16.014     2.900    -6.423     0.000    -4.235     8.007     0.035     1.483
       145    17.681     3.215    -7.122     0.000    -4.246     8.841     0.035     1.348
       150    19.522     3.565    -7.890     0.000    -4.260     9.761     0.035     1.226
------------------------- Plume hits the bottom ----------------------
       152    20.311     3.716    -8.218     0.000    -4.267    10.155     0.035     1.180
-------------------- Starting Farfield Calculations --------------------
Farfield dispersion based on wastefield width of :       3.72 (m)
4/3 Power Law based Eddy Diffusivity is used:
  Dilution     Width  Distance     Conc.
        ()       (m)       (m)    (mg/L)
    20.311     3.722     8.218     1.180
    28.017     6.970    10.000     0.856
    31.815     7.974    15.000     0.772
    35.862     9.021    20.000     0.683
    40.115    10.111    25.000     0.609
    44.549    11.242    30.000     0.547
    49.152    12.412    35.000     0.495
    53.912    13.619    40.000     0.450
    58.823    14.864    45.000     0.412
    63.878    16.144    50.000     0.379
    69.073    17.459    55.000     0.350
    74.404    18.808    60.000     0.324
    79.866    20.190    65.000     0.302
    85.457    21.605    70.000     0.282
    91.174    23.051    75.000     0.264
    97.013    24.527    80.000     0.248
   102.972    26.034    85.000     0.233
   109.048    27.571    90.000     0.220
   115.240    29.137    95.000     0.208
   121.545    30.731   100.000     0.199
   127.962    32.354   105.000     0.189
   134.487    34.004   110.000     0.180
   141.120    35.681   115.000     0.171
   147.858    37.385   120.000     0.163
   154.701    39.115   125.000     0.156
   161.645    40.871   130.000     0.149
   168.691    42.653   135.000     0.143
   175.837    44.459   140.000     0.137
   183.080    46.291   145.000     0.131
   190.421    48.147   150.000     0.126
   197.857    50.027   155.000     0.121
   205.387    51.931   160.000     0.117
   213.011    53.859   165.000     0.113
   220.726    55.810   170.000     0.109
   228.533    57.784   175.000     0.105
   236.430    59.780   180.000     0.101
   244.415    61.799   185.000     0.098
   252.488    63.841   190.000     0.096
   260.649    65.904   195.000     0.092
   268.895    67.989   200.000     0.090
   277.227    70.096   205.000     0.087
   285.643    72.224   210.000     0.084
   294.142    74.373   215.000     0.082
   302.724    76.543   220.000     0.079
   311.388    78.734   225.000     0.077
   320.134    80.945   230.000     0.075
   328.959    83.176   235.000     0.073
   337.864    85.428   240.000     0.071
   346.848    87.699   245.000     0.069
   355.911    89.991   250.000     0.067
   365.051    92.302   255.000     0.066
   374.267    94.632   260.000     0.064
   383.561    96.982   265.000     0.063
   392.929    99.351   270.000     0.061
   402.373   101.739   275.000     0.060
   411.892   104.145   280.000     0.058
   421.484   106.571   285.000     0.057
   431.149   109.015   290.000     0.056
   440.888   111.477   295.000     0.055
   450.698   113.958   300.000     0.053
   460.580   116.456   305.000     0.052
   470.534   118.973   310.000     0.051
   480.558   121.508   315.000     0.050
